0;;
1;[0.0,0.0,0.5][0.5,0.0,0.0][0.0,0.5,0.0];[2,1,0]
2;[1.0,0.0,0.5][1.0,0.5,0.0][0.5,0.0,0.0];[2,1,0]
3;[1.0,0.0,0.5][0.0,0.5,0.0][0.0,0.0,0.5][1.0,0.5,0.0];[2,1,0][0,1,3]
4;[0.0,0.5,0.0][0.5,1.0,0.0][0.0,1.0,0.5];[2,1,0]
5;[0.0,0.0,0.5][0.5,1.0,0.0][0.0,1.0,0.5][0.5,0.0,0.0];[2,1,0][0,1,3]
6;[0.0,1.0,0.5][1.0,0.5,0.0][0.5,1.0,0.0][1.0,0.0,0.5][0.0,0.5,0.0][0.5,0.0,0.0];[2,1,0][1,3,0][5,4,0][5,0,3]
7;[0.5,1.0,0.0][1.0,0.0,0.5][1.0,0.5,0.0][0.0,1.0,0.5][0.0,0.0,0.5];[2,1,0][1,3,0][1,4,3]
8;[1.0,0.5,0.0][1.0,1.0,0.5][0.5,1.0,0.0];[2,1,0]
9;[1.0,1.0,0.5][0.5,0.0,0.0][1.0,0.5,0.0][0.0,0.0,0.5][0.5,1.0,0.0][0.0,0.5,0.0];[2,1,0][1,3,0][5,4,0][5,0,3]
10;[1.0,1.0,0.5][0.5,0.0,0.0][1.0,0.0,0.5][0.5,1.0,0.0];[2,1,0][0,1,3]
11;[0.0,0.5,0.0][1.0,1.0,0.5][0.5,1.0,0.0][0.0,0.0,0.5][1.0,0.0,0.5];[2,1,0][1,3,0][1,4,3]
12;[1.0,0.5,0.0][0.0,1.0,0.5][0.0,0.5,0.0][1.0,1.0,0.5];[2,1,0][0,1,3]
13;[1.0,0.5,0.0][0.0,0.0,0.5][0.5,0.0,0.0][1.0,1.0,0.5][0.0,1.0,0.5];[2,1,0][1,3,0][1,4,3]
14;[0.5,0.0,0.0][0.0,1.0,0.5][0.0,0.5,0.0][1.0,0.0,0.5][1.0,1.0,0.5];[2,1,0][1,3,0][1,4,3]
15;[0.0,0.0,0.5][1.0,0.0,0.5][0.0,1.0,0.5][1.0,1.0,0.5];[2,1,0][2,3,1]
16;[0.0,0.0,0.5][0.0,0.5,1.0][0.5,0.0,1.0];[2,1,0]
17;[0.0,0.5,1.0][0.5,0.0,0.0][0.0,0.5,0.0][0.5,0.0,1.0];[2,1,0][0,1,3]
18;[1.0,0.5,0.0][0.5,0.0,1.0][1.0,0.0,0.5][0.0,0.5,1.0][0.5,0.0,0.0][0.0,0.0,0.5];[2,1,0][1,3,0][5,4,0][5,0,3]
19;[1.0,0.0,0.5][0.0,0.5,1.0][0.5,0.0,1.0][1.0,0.5,0.0][0.0,0.5,0.0];[2,1,0][1,3,0][1,4,3]
20;[0.5,1.0,0.0][0.0,0.0,0.5][0.0,0.5,0.0][0.5,0.0,1.0][0.0,1.0,0.5][0.0,0.5,1.0];[2,1,0][1,3,0][5,4,0][5,0,3]
21;[0.0,0.5,1.0][0.5,1.0,0.0][0.0,1.0,0.5][0.5,0.0,1.0][0.5,0.0,0.0];[2,1,0][1,3,0][1,4,3]
22;[0.5,0.0,0.0][1.0,0.5,0.0][0.5,1.0,0.0][1.0,0.0,0.5][0.5,0.0,1.0][0.0,0.0,0.5][0.0,0.5,1.0][0.0,0.5,0.0][0.0,1.0,0.5];[2,1,0][3,0,1][0,3,4][0,4,5][6,5,4][5,6,7][8,7,6][7,8,2][7,2,0]
23;[1.0,0.0,0.5][1.0,0.5,0.0][0.5,1.0,0.0][0.5,0.0,1.0][0.0,1.0,0.5][0.0,0.5,1.0];[2,1,0][2,0,3][4,2,3][5,4,3]
24;[0.0,0.0,0.5][0.0,0.5,1.0][0.5,0.0,1.0][0.5,1.0,0.0][1.0,0.5,0.0][1.0,1.0,0.5];[2,1,0][5,4,3]
25;[0.0,0.5,1.0][0.5,1.0,0.0][0.0,0.5,0.0][1.0,1.0,0.5][0.5,0.0,1.0][1.0,0.5,0.0][0.5,0.0,0.0];[2,1,0][3,0,1][0,3,4][5,4,3][4,5,6]
26;[1.0,1.0,0.5][0.5,0.0,1.0][1.0,0.0,0.5][0.0,0.5,1.0][0.5,1.0,0.0][0.0,0.0,0.5][0.5,0.0,0.0];[2,1,0][3,0,1][0,3,4][5,4,3][4,5,6]
27;[0.5,0.0,1.0][1.0,0.0,0.5][1.0,1.0,0.5][0.0,0.5,0.0][0.0,0.5,1.0][0.5,1.0,0.0];[2,1,0][3,2,0][4,3,0][2,3,5]
28;[1.0,0.5,0.0][0.0,0.0,0.5][0.0,0.5,0.0][0.5,0.0,1.0][1.0,1.0,0.5][0.0,0.5,1.0][0.0,1.0,0.5];[2,1,0][3,0,1][0,3,4][5,4,3][4,5,6]
29;[0.0,0.5,1.0][1.0,1.0,0.5][0.0,1.0,0.5][0.5,0.0,0.0][0.5,0.0,1.0][1.0,0.5,0.0];[2,1,0][1,3,0][3,4,0][1,5,3]
30;[0.0,0.0,0.5][0.0,0.5,0.0][0.5,0.0,0.0][0.0,0.5,1.0][0.5,0.0,1.0][0.0,1.0,0.5][1.0,0.0,0.5][1.0,1.0,0.5];[2,1,0][5,4,3][4,5,6][7,6,5]
31;[0.0,0.5,1.0][0.5,0.0,1.0][1.0,0.0,0.5][0.0,1.0,0.5][1.0,1.0,0.5];[2,1,0][3,2,0][4,2,3]
32;[0.5,0.0,1.0][1.0,0.5,1.0][1.0,0.0,0.5];[2,1,0]
33;[0.0,0.5,0.0][1.0,0.0,0.5][0.5,0.0,0.0][1.0,0.5,1.0][0.0,0.0,0.5][0.5,0.0,1.0];[2,1,0][1,3,0][5,4,0][5,0,3]
34;[0.5,0.0,1.0][1.0,0.5,0.0][0.5,0.0,0.0][1.0,0.5,1.0];[2,1,0][0,1,3]
35;[0.5,0.0,1.0][0.0,0.5,0.0][0.0,0.0,0.5][1.0,0.5,1.0][1.0,0.5,0.0];[2,1,0][1,3,0][1,4,3]
36;[0.5,0.0,1.0][1.0,0.5,1.0][1.0,0.0,0.5][0.0,1.0,0.5][0.0,0.5,0.0][0.5,1.0,0.0];[2,1,0][5,4,3]
37;[0.0,0.0,0.5][0.5,0.0,1.0][0.0,1.0,0.5][1.0,0.5,1.0][0.5,1.0,0.0][1.0,0.0,0.5][0.5,0.0,0.0];[2,1,0][1,2,3][4,3,2][3,4,5][6,5,4]
38;[1.0,0.5,0.0][0.5,1.0,0.0][1.0,0.5,1.0][0.0,1.0,0.5][0.5,0.0,1.0][0.0,0.5,0.0][0.5,0.0,0.0];[2,1,0][1,2,3][4,3,2][3,4,5][6,5,4]
39;[0.5,0.0,1.0][1.0,0.5,1.0][1.0,0.5,0.0][0.0,1.0,0.5][0.0,0.0,0.5][0.5,1.0,0.0];[2,1,0][3,2,0][4,3,0][5,2,3]
40;[0.5,1.0,0.0][1.0,0.5,1.0][1.0,1.0,0.5][0.5,0.0,1.0][1.0,0.5,0.0][1.0,0.0,0.5];[2,1,0][1,3,0][5,4,0][5,0,3]
41;[0.5,1.0,0.0][0.0,0.5,0.0][0.5,0.0,0.0][0.0,0.0,0.5][0.5,0.0,1.0][1.0,0.0,0.5][1.0,0.5,1.0][1.0,0.5,0.0][1.0,1.0,0.5];[2,1,0][1,2,3][4,3,2][5,4,2][4,5,6][7,6,5][6,7,8][0,8,7][2,0,7]
42;[1.0,1.0,0.5][0.5,0.0,1.0][1.0,0.5,1.0][0.5,1.0,0.0][0.5,0.0,0.0];[2,1,0][1,3,0][1,4,3]
43;[0.0,0.5,0.0][1.0,1.0,0.5][0.5,1.0,0.0][0.0,0.0,0.5][1.0,0.5,1.0][0.5,0.0,1.0];[2,1,0][0,1,3][1,4,3][4,5,3]
44;[1.0,0.5,0.0][1.0,0.0,0.5][0.0,0.5,0.0][0.5,0.0,1.0][0.0,1.0,0.5][1.0,0.5,1.0][1.0,1.0,0.5];[2,1,0][1,2,3][4,3,2][3,4,5][6,5,4]
45;[0.5,0.0,0.0][1.0,0.5,0.0][1.0,0.0,0.5][1.0,1.0,0.5][0.5,0.0,1.0][1.0,0.5,1.0][0.0,0.0,0.5][0.0,1.0,0.5];[2,1,0][5,4,3][6,3,4][3,6,7]
46;[1.0,0.5,1.0][0.5,0.0,0.0][0.5,0.0,1.0][0.0,1.0,0.5][1.0,1.0,0.5][0.0,0.5,0.0];[2,1,0][1,3,0][3,4,0][3,1,5]
47;[0.5,0.0,1.0][1.0,0.5,1.0][1.0,1.0,0.5][0.0,0.0,0.5][0.0,1.0,0.5];[2,1,0][3,2,0][4,2,3]
48;[0.0,0.0,0.5][1.0,0.5,1.0][1.0,0.0,0.5][0.0,0.5,1.0];[2,1,0][0,1,3]
49;[0.5,0.0,0.0][1.0,0.5,1.0][1.0,0.0,0.5][0.0,0.5,0.0][0.0,0.5,1.0];[2,1,0][1,3,0][1,4,3]
50;[0.0,0.0,0.5][1.0,0.5,0.0][0.5,0.0,0.0][0.0,0.5,1.0][1.0,0.5,1.0];[2,1,0][1,3,0][1,4,3]
51;[0.0,0.5,1.0][1.0,0.5,1.0][0.0,0.5,0.0][1.0,0.5,0.0];[2,1,0][3,1,2]
52;[1.0,0.5,1.0][0.0,1.0,0.5][0.0,0.5,1.0][0.5,1.0,0.0][1.0,0.0,0.5][0.0,0.5,0.0][0.0,0.0,0.5];[2,1,0][3,0,1][0,3,4][5,4,3][4,5,6]
53;[0.0,1.0,0.5][0.0,0.5,1.0][1.0,0.5,1.0][0.5,0.0,0.0][0.5,1.0,0.0][1.0,0.0,0.5];[2,1,0][3,2,0][4,3,0][2,3,5]
54;[0.5,0.0,0.0][0.0,0.0,0.5][0.0,0.5,0.0][0.0,0.5,1.0][0.5,1.0,0.0][0.0,1.0,0.5][1.0,0.5,0.0][1.0,0.5,1.0];[2,1,0][5,4,3][6,3,4][3,6,7]
55;[0.5,1.0,0.0][0.0,1.0,0.5][0.0,0.5,1.0][1.0,0.5,0.0][1.0,0.5,1.0];[2,1,0][3,2,0][4,2,3]
56;[1.0,0.5,1.0][1.0,1.0,0.5][0.0,0.5,1.0][0.5,1.0,0.0][0.0,0.0,0.5][1.0,0.5,0.0][1.0,0.0,0.5];[2,1,0][1,2,3][4,3,2][3,4,5][6,5,4]
57;[1.0,0.5,0.0][1.0,0.0,0.5][0.5,0.0,0.0][1.0,1.0,0.5][0.5,1.0,0.0][1.0,0.5,1.0][0.0,0.5,0.0][0.0,0.5,1.0];[2,1,0][5,4,3][4,5,6][7,6,5]
58;[0.0,0.0,0.5][0.5,1.0,0.0][0.5,0.0,0.0][1.0,0.5,1.0][0.0,0.5,1.0][1.0,1.0,0.5];[2,1,0][1,3,0][3,4,0][1,5,3]
59;[1.0,1.0,0.5][0.5,1.0,0.0][0.0,0.5,0.0][1.0,0.5,1.0][0.0,0.5,1.0];[2,1,0][3,2,0][4,2,3]
60;[1.0,0.5,1.0][0.0,1.0,0.5][0.0,0.5,1.0][1.0,1.0,0.5][0.0,0.0,0.5][0.0,0.5,0.0][1.0,0.0,0.5][1.0,0.5,0.0];[2,1,0][3,0,1][6,5,4][5,6,7]
61;[0.0,1.0,0.5][0.5,0.5,0.5][1.0,1.0,0.5][1.0,0.5,0.0][0.5,0.0,0.0][0.0,0.5,1.0][1.0,0.0,0.5][1.0,0.5,1.0];[2,1,0][1,3,0][4,0,3][0,4,5][6,5,4][5,6,1][1,7,5][2,7,1][1,6,3]
62;[0.0,1.0,0.5][0.5,0.5,0.5][1.0,1.0,0.5][0.0,0.5,0.0][0.5,0.0,0.0][1.0,0.5,1.0][0.0,0.0,0.5][0.0,0.5,1.0];[2,1,0][2,3,1][3,2,4][5,4,2][4,5,6][1,6,5][5,7,1][1,7,0][3,6,1]
63;[0.0,0.5,1.0][1.0,0.5,1.0][1.0,1.0,0.5][0.0,1.0,0.5];[2,1,0][2,0,3]
64;[0.0,0.5,1.0][0.0,1.0,0.5][0.5,1.0,1.0];[2,1,0]
65;[0.5,1.0,1.0][0.0,0.5,0.0][0.0,1.0,0.5][0.5,0.0,0.0][0.0,0.5,1.0][0.0,0.0,0.5];[2,1,0][1,3,0][5,4,0][5,0,3]
66;[0.0,0.5,1.0][0.0,1.0,0.5][0.5,1.0,1.0][0.5,0.0,0.0][1.0,0.0,0.5][1.0,0.5,0.0];[2,1,0][5,4,3]
67;[1.0,0.0,0.5][0.0,0.5,1.0][0.0,0.0,0.5][0.5,1.0,1.0][1.0,0.5,0.0][0.0,1.0,0.5][0.0,0.5,0.0];[2,1,0][3,0,1][0,3,4][5,4,3][4,5,6]
68;[0.0,0.5,0.0][0.5,1.0,1.0][0.0,0.5,1.0][0.5,1.0,0.0];[2,1,0][0,1,3]
69;[0.0,0.0,0.5][0.5,1.0,1.0][0.0,0.5,1.0][0.5,0.0,0.0][0.5,1.0,0.0];[2,1,0][1,3,0][1,4,3]
70;[0.0,0.5,0.0][0.5,0.0,0.0][0.0,0.5,1.0][1.0,0.0,0.5][0.5,1.0,1.0][1.0,0.5,0.0][0.5,1.0,0.0];[2,1,0][1,2,3][4,3,2][3,4,5][6,5,4]
71;[0.0,0.5,1.0][0.5,1.0,0.0][0.5,1.0,1.0][1.0,0.0,0.5][0.0,0.0,0.5][1.0,0.5,0.0];[2,1,0][1,3,0][3,4,0][3,1,5]
72;[1.0,0.5,0.0][0.0,1.0,0.5][0.5,1.0,0.0][0.0,0.5,1.0][1.0,1.0,0.5][0.5,1.0,1.0];[2,1,0][1,3,0][5,4,0][5,0,3]
73;[0.5,1.0,0.0][1.0,1.0,0.5][0.5,1.0,1.0][1.0,0.5,0.0][0.5,0.0,0.0][0.0,0.5,0.0][0.0,0.0,0.5][0.0,1.0,0.5][0.0,0.5,1.0];[2,1,0][3,0,1][0,3,4][0,4,5][6,5,4][5,6,7][8,7,6][7,8,2][7,2,0]
74;[1.0,1.0,0.5][0.5,1.0,1.0][1.0,0.0,0.5][0.0,0.5,1.0][0.5,0.0,0.0][0.0,1.0,0.5][0.5,1.0,0.0];[2,1,0][1,2,3][4,3,2][3,4,5][6,5,4]
75;[0.5,1.0,0.0][0.0,0.5,0.0][0.0,1.0,0.5][0.0,0.0,0.5][0.5,1.0,1.0][0.0,0.5,1.0][1.0,1.0,0.5][1.0,0.0,0.5];[2,1,0][5,4,3][6,3,4][3,6,7]
76;[0.5,1.0,1.0][1.0,0.5,0.0][1.0,1.0,0.5][0.0,0.5,1.0][0.0,0.5,0.0];[2,1,0][1,3,0][1,4,3]
77;[0.5,1.0,1.0][1.0,0.5,0.0][1.0,1.0,0.5][0.0,0.5,1.0][0.5,0.0,0.0][0.0,0.0,0.5];[2,1,0][0,1,3][1,4,3][4,5,3]
78;[0.5,0.0,0.0][0.0,0.5,1.0][0.0,0.5,0.0][1.0,1.0,0.5][1.0,0.0,0.5][0.5,1.0,1.0];[2,1,0][1,3,0][3,4,0][1,5,3]
79;[0.5,1.0,1.0][0.0,0.5,1.0][0.0,0.0,0.5][1.0,1.0,0.5][1.0,0.0,0.5];[2,1,0][3,2,0][4,2,3]
80;[0.5,0.0,1.0][0.0,1.0,0.5][0.5,1.0,1.0][0.0,0.0,0.5];[2,1,0][0,1,3]
81;[0.0,1.0,0.5][0.5,0.0,0.0][0.0,0.5,0.0][0.5,1.0,1.0][0.5,0.0,1.0];[2,1,0][1,3,0][1,4,3]
82;[0.0,1.0,0.5][0.5,0.0,0.0][0.0,0.0,0.5][1.0,0.5,0.0][0.5,1.0,1.0][1.0,0.0,0.5][0.5,0.0,1.0];[2,1,0][3,0,1][0,3,4][5,4,3][4,5,6]
83;[0.0,1.0,0.5][0.5,1.0,1.0][0.5,0.0,1.0][1.0,0.5,0.0][0.0,0.5,0.0][1.0,0.0,0.5];[2,1,0][3,2,0][4,3,0][5,2,3]
84;[0.0,0.5,0.0][0.5,0.0,1.0][0.0,0.0,0.5][0.5,1.0,0.0][0.5,1.0,1.0];[2,1,0][1,3,0][1,4,3]
85;[0.5,0.0,1.0][0.5,0.0,0.0][0.5,1.0,1.0][0.5,1.0,0.0];[2,1,0][3,1,2]
86;[0.0,0.0,0.5][0.0,0.5,0.0][0.5,0.0,0.0][0.5,1.0,0.0][1.0,0.0,0.5][1.0,0.5,0.0][0.5,0.0,1.0][0.5,1.0,1.0];[2,1,0][5,4,3][6,3,4][3,6,7]
87;[1.0,0.0,0.5][1.0,0.5,0.0][0.5,1.0,0.0][0.5,0.0,1.0][0.5,1.0,1.0];[2,1,0][3,2,0][4,2,3]
88;[0.0,1.0,0.5][0.5,1.0,0.0][0.0,0.0,0.5][1.0,0.5,0.0][0.5,0.0,1.0][1.0,1.0,0.5][0.5,1.0,1.0];[2,1,0][1,2,3][4,3,2][3,4,5][6,5,4]
89;[0.0,0.5,0.0][0.0,1.0,0.5][0.5,1.0,0.0][0.5,1.0,1.0][1.0,0.5,0.0][1.0,1.0,0.5][0.5,0.0,0.0][0.5,0.0,1.0];[2,1,0][5,4,3][6,3,4][3,6,7]
90;[0.5,0.0,0.0][0.0,0.0,0.5][0.5,1.0,0.0][0.0,1.0,0.5][1.0,1.0,0.5][0.5,0.0,1.0][1.0,0.0,0.5][0.5,1.0,1.0];[2,1,0][1,2,3][6,5,4][7,4,5]
91;[1.0,1.0,0.5][0.5,0.5,0.5][1.0,0.0,0.5][0.5,1.0,0.0][0.0,0.5,0.0][0.5,0.0,1.0][0.0,1.0,0.5][0.5,1.0,1.0];[2,1,0][2,3,1][3,2,4][5,4,2][4,5,6][1,6,5][5,7,1][1,7,0][3,6,1]
92;[0.0,0.0,0.5][0.0,0.5,0.0][1.0,0.5,0.0][0.5,1.0,1.0][0.5,0.0,1.0][1.0,1.0,0.5];[2,1,0][3,2,0][4,3,0][2,3,5]
93;[1.0,0.5,0.0][1.0,1.0,0.5][0.5,1.0,1.0][0.5,0.0,0.0][0.5,0.0,1.0];[2,1,0][3,2,0][4,2,3]
94;[1.0,1.0,0.5][0.5,0.5,0.5][1.0,0.0,0.5][0.5,0.0,0.0][0.0,0.5,0.0][0.5,1.0,1.0][0.0,0.0,0.5][0.5,0.0,1.0];[2,1,0][1,3,0][4,0,3][0,4,5][6,5,4][5,6,1][1,7,5][2,7,1][1,6,3]
95;[0.5,1.0,1.0][0.5,0.0,1.0][1.0,0.0,0.5][1.0,1.0,0.5];[2,1,0][2,0,3]
96;[1.0,0.0,0.5][0.5,1.0,1.0][1.0,0.5,1.0][0.0,1.0,0.5][0.5,0.0,1.0][0.0,0.5,1.0];[2,1,0][1,3,0][5,4,0][5,0,3]
97;[0.5,0.0,1.0][1.0,0.0,0.5][0.5,0.0,0.0][1.0,0.5,1.0][0.5,1.0,1.0][0.0,0.5,1.0][0.0,1.0,0.5][0.0,0.0,0.5][0.0,0.5,0.0];[2,1,0][3,0,1][0,3,4][0,4,5][6,5,4][5,6,7][8,7,6][7,8,2][7,2,0]
98;[1.0,0.5,0.0][0.5,1.0,1.0][1.0,0.5,1.0][0.0,1.0,0.5][0.5,0.0,0.0][0.0,0.5,1.0][0.5,0.0,1.0];[2,1,0][3,0,1][0,3,4][5,4,3][4,5,6]
99;[0.0,0.5,1.0][0.0,0.0,0.5][0.5,0.0,1.0][0.0,1.0,0.5][0.5,1.0,1.0][0.0,0.5,0.0][1.0,0.5,1.0][1.0,0.5,0.0];[2,1,0][5,4,3][4,5,6][7,6,5]
100;[0.0,0.5,0.0][0.5,0.0,1.0][0.0,0.5,1.0][1.0,0.0,0.5][0.5,1.0,0.0][1.0,0.5,1.0][0.5,1.0,1.0];[2,1,0][3,0,1][0,3,4][5,4,3][4,5,6]
101;[0.0,0.5,1.0][0.0,0.0,0.5][0.5,0.0,1.0][0.5,0.0,0.0][1.0,0.5,1.0][1.0,0.0,0.5][0.5,1.0,1.0][0.5,1.0,0.0];[2,1,0][5,4,3][6,3,4][3,6,7]
102;[1.0,0.5,0.0][0.5,1.0,1.0][1.0,0.5,1.0][0.5,1.0,0.0][0.5,0.0,1.0][0.0,0.5,1.0][0.5,0.0,0.0][0.0,0.5,0.0];[2,1,0][3,0,1][6,5,4][5,6,7]
103;[1.0,0.5,0.0][0.5,0.5,0.5][1.0,0.5,1.0][0.5,0.0,1.0][0.0,0.0,0.5][0.5,1.0,0.0][0.0,0.5,1.0][0.5,1.0,1.0];[2,1,0][1,3,0][4,0,3][0,4,5][6,5,4][5,6,1][1,7,5][2,7,1][1,6,3]
104;[0.5,0.0,1.0][0.0,0.5,1.0][0.5,1.0,1.0][0.0,1.0,0.5][0.5,1.0,0.0][1.0,1.0,0.5][1.0,0.5,0.0][1.0,0.5,1.0][1.0,0.0,0.5];[2,1,0][1,2,3][4,3,2][5,4,2][4,5,6][7,6,5][6,7,8][0,8,7][2,0,7]
105;[1.0,0.5,0.0][1.0,0.0,0.5][0.5,0.0,0.0][0.5,1.0,0.0][0.0,0.5,0.0][0.0,1.0,0.5][0.0,0.5,1.0][0.0,0.0,0.5][0.5,0.0,1.0][1.0,0.5,1.0][1.0,1.0,0.5][0.5,1.0,1.0];[2,1,0][5,4,3][8,7,6][11,10,9]
106;[0.5,1.0,1.0][1.0,0.5,1.0][1.0,1.0,0.5][0.0,0.5,1.0][0.0,1.0,0.5][0.5,0.0,1.0][0.5,1.0,0.0][0.5,0.0,0.0];[2,1,0][5,4,3][4,5,6][7,6,5]
107;[1.0,0.5,1.0][1.0,1.0,0.5][0.5,1.0,1.0][0.0,0.5,0.0][0.0,1.0,0.5][0.5,1.0,0.0][0.0,0.5,1.0][0.0,0.0,0.5][0.5,0.0,1.0];[2,1,0][5,4,3][8,7,6]
108;[1.0,0.5,1.0][1.0,1.0,0.5][0.5,1.0,1.0][1.0,0.0,0.5][0.5,0.0,1.0][1.0,0.5,0.0][0.0,0.5,1.0][0.0,0.5,0.0];[2,1,0][5,4,3][4,5,6][7,6,5]
109;[0.5,0.0,1.0][0.0,0.5,1.0][0.0,0.0,0.5][0.5,1.0,1.0][1.0,0.5,1.0][1.0,1.0,0.5][0.5,0.0,0.0][1.0,0.5,0.0][1.0,0.0,0.5];[2,1,0][5,4,3][8,7,6]
110;[0.0,0.5,0.0][0.5,0.5,0.5][0.0,0.5,1.0][0.5,1.0,1.0][1.0,1.0,0.5][0.5,0.0,0.0][1.0,0.5,1.0][0.5,0.0,1.0];[2,1,0][1,3,0][4,0,3][0,4,5][6,5,4][5,6,1][1,7,5][2,7,1][1,6,3]
111;[0.0,0.5,1.0][0.0,0.0,0.5][0.5,0.0,1.0][1.0,1.0,0.5][0.5,1.0,1.0][1.0,0.5,1.0];[2,1,0][5,4,3]
112;[1.0,0.5,1.0][0.0,1.0,0.5][0.5,1.0,1.0][1.0,0.0,0.5][0.0,0.0,0.5];[2,1,0][1,3,0][1,4,3]
113;[0.0,1.0,0.5][0.5,1.0,1.0][1.0,0.5,1.0][0.0,0.5,0.0][1.0,0.0,0.5][0.5,0.0,0.0];[2,1,0][2,0,3][4,2,3][5,4,3]
114;[0.5,0.0,0.0][0.0,0.0,0.5][0.0,1.0,0.5][1.0,0.5,1.0][1.0,0.5,0.0][0.5,1.0,1.0];[2,1,0][3,2,0][4,3,0][2,3,5]
115;[0.0,1.0,0.5][0.5,1.0,1.0][1.0,0.5,1.0][0.0,0.5,0.0][1.0,0.5,0.0];[2,1,0][3,2,0][4,2,3]
116;[1.0,0.5,1.0][1.0,0.0,0.5][0.0,0.0,0.5][0.5,1.0,0.0][0.5,1.0,1.0][0.0,0.5,0.0];[2,1,0][3,2,0][4,3,0][5,2,3]
117;[1.0,0.5,1.0][1.0,0.0,0.5][0.5,0.0,0.0][0.5,1.0,1.0][0.5,1.0,0.0];[2,1,0][3,2,0][4,2,3]
118;[1.0,0.5,0.0][0.5,0.5,0.5][1.0,0.5,1.0][0.5,0.0,0.0][0.0,0.0,0.5][0.5,1.0,1.0][0.0,0.5,0.0][0.5,1.0,0.0];[2,1,0][2,3,1][3,2,4][5,4,2][4,5,6][1,6,5][5,7,1][1,7,0][3,6,1]
119;[0.5,1.0,0.0][0.5,1.0,1.0][1.0,0.5,1.0][1.0,0.5,0.0];[2,1,0][2,0,3]
120;[0.5,1.0,1.0][1.0,0.5,1.0][1.0,1.0,0.5][1.0,0.0,0.5][0.5,1.0,0.0][1.0,0.5,0.0][0.0,1.0,0.5][0.0,0.0,0.5];[2,1,0][5,4,3][6,3,4][3,6,7]
121;[0.5,1.0,0.0][0.0,0.5,0.0][0.0,1.0,0.5][0.5,0.0,0.0][1.0,0.5,0.0][1.0,0.0,0.5][0.5,1.0,1.0][1.0,0.5,1.0][1.0,1.0,0.5];[2,1,0][5,4,3][8,7,6]
122;[0.0,1.0,0.5][0.5,0.5,0.5][0.0,0.0,0.5][0.5,1.0,1.0][1.0,0.5,1.0][0.5,0.0,0.0][1.0,1.0,0.5][0.5,1.0,0.0];[2,1,0][2,3,1][3,2,4][5,4,2][4,5,6][1,6,5][5,7,1][1,7,0][3,6,1]
123;[0.5,1.0,0.0][0.0,0.5,0.0][0.0,1.0,0.5][1.0,0.5,1.0][1.0,1.0,0.5][0.5,1.0,1.0];[2,1,0][5,4,3]
124;[0.0,0.0,0.5][0.5,0.5,0.5][1.0,0.0,0.5][1.0,0.5,1.0][0.5,1.0,1.0][0.0,0.5,0.0][1.0,1.0,0.5][1.0,0.5,0.0];[2,1,0][1,3,0][4,0,3][0,4,5][6,5,4][5,6,1][1,7,5][2,7,1][1,6,3]
125;[1.0,1.0,0.5][0.5,1.0,1.0][1.0,0.5,1.0][0.5,0.0,0.0][1.0,0.5,0.0][1.0,0.0,0.5];[2,1,0][5,4,3]
126;[0.0,0.5,0.0][0.5,0.0,0.0][0.0,0.0,0.5][1.0,1.0,0.5][0.5,1.0,1.0][1.0,0.5,1.0];[2,1,0][5,4,3]
127;[0.5,1.0,1.0][1.0,0.5,1.0][1.0,1.0,0.5];[2,1,0]
128;[0.5,1.0,1.0][1.0,1.0,0.5][1.0,0.5,1.0];[2,1,0]
129;[0.0,0.0,0.5][0.5,0.0,0.0][0.0,0.5,0.0][1.0,0.5,1.0][0.5,1.0,1.0][1.0,1.0,0.5];[2,1,0][5,4,3]
130;[0.5,0.0,0.0][1.0,1.0,0.5][1.0,0.5,0.0][0.5,1.0,1.0][1.0,0.0,0.5][1.0,0.5,1.0];[2,1,0][1,3,0][5,4,0][5,0,3]
131;[1.0,0.0,0.5][1.0,0.5,1.0][0.0,0.0,0.5][0.5,1.0,1.0][0.0,0.5,0.0][1.0,1.0,0.5][1.0,0.5,0.0];[2,1,0][1,2,3][4,3,2][3,4,5][6,5,4]
132;[1.0,0.5,1.0][0.5,1.0,0.0][1.0,1.0,0.5][0.0,0.5,0.0][0.5,1.0,1.0][0.0,1.0,0.5];[2,1,0][1,3,0][5,4,0][5,0,3]
133;[0.0,0.0,0.5][0.5,1.0,1.0][0.0,1.0,0.5][1.0,0.5,1.0][0.5,0.0,0.0][1.0,1.0,0.5][0.5,1.0,0.0];[2,1,0][3,0,1][0,3,4][5,4,3][4,5,6]
134;[0.5,1.0,1.0][0.0,1.0,0.5][0.5,1.0,0.0][0.0,0.5,0.0][0.5,0.0,0.0][1.0,0.5,0.0][1.0,0.0,0.5][1.0,1.0,0.5][1.0,0.5,1.0];[2,1,0][1,2,3][4,3,2][5,4,2][4,5,6][7,6,5][6,7,8][0,8,7][2,0,7]
135;[1.0,1.0,0.5][1.0,0.5,0.0][0.5,1.0,0.0][1.0,0.5,1.0][0.5,1.0,1.0][1.0,0.0,0.5][0.0,1.0,0.5][0.0,0.0,0.5];[2,1,0][5,4,3][4,5,6][7,6,5]
136;[0.5,1.0,0.0][1.0,0.5,1.0][0.5,1.0,1.0][1.0,0.5,0.0];[2,1,0][0,1,3]
137;[1.0,0.5,1.0][0.5,0.0,0.0][1.0,0.5,0.0][0.0,0.0,0.5][0.5,1.0,1.0][0.0,0.5,0.0][0.5,1.0,0.0];[2,1,0][3,0,1][0,3,4][5,4,3][4,5,6]
138;[1.0,0.5,1.0][0.5,0.0,0.0][1.0,0.0,0.5][0.5,1.0,1.0][0.5,1.0,0.0];[2,1,0][1,3,0][1,4,3]
139;[1.0,0.5,1.0][0.0,0.0,0.5][1.0,0.0,0.5][0.5,1.0,0.0][0.5,1.0,1.0][0.0,0.5,0.0];[2,1,0][1,3,0][3,4,0][1,5,3]
140;[0.0,1.0,0.5][1.0,0.5,1.0][0.5,1.0,1.0][0.0,0.5,0.0][1.0,0.5,0.0];[2,1,0][1,3,0][1,4,3]
141;[0.5,0.0,0.0][0.0,1.0,0.5][0.0,0.0,0.5][1.0,0.5,1.0][1.0,0.5,0.0][0.5,1.0,1.0];[2,1,0][1,3,0][3,4,0][3,1,5]
142;[0.0,1.0,0.5][1.0,0.5,1.0][0.5,1.0,1.0][0.0,0.5,0.0][1.0,0.0,0.5][0.5,0.0,0.0];[2,1,0][0,1,3][1,4,3][4,5,3]
143;[1.0,0.5,1.0][0.5,1.0,1.0][0.0,1.0,0.5][1.0,0.0,0.5][0.0,0.0,0.5];[2,1,0][3,2,0][4,2,3]
144;[1.0,1.0,0.5][0.0,0.5,1.0][0.5,1.0,1.0][0.0,0.0,0.5][0.5,0.0,1.0][1.0,0.5,1.0];[2,1,0][1,3,0][0,3,4][5,0,4]
145;[0.0,0.5,1.0][0.5,1.0,1.0][0.0,0.5,0.0][1.0,1.0,0.5][0.5,0.0,0.0][1.0,0.5,1.0][0.5,0.0,1.0];[2,1,0][1,2,3][4,3,2][3,4,5][6,5,4]
146;[0.5,0.0,0.0][0.0,0.0,0.5][0.5,0.0,1.0][0.0,0.5,1.0][0.5,1.0,1.0][1.0,0.5,1.0][1.0,1.0,0.5][1.0,0.0,0.5][1.0,0.5,0.0];[2,1,0][1,2,3][4,3,2][5,4,2][4,5,6][7,6,5][6,7,8][0,8,7][2,0,7]
147;[0.5,0.0,1.0][1.0,0.0,0.5][1.0,0.5,1.0][1.0,0.5,0.0][0.5,1.0,1.0][1.0,1.0,0.5][0.0,0.5,1.0][0.0,0.5,0.0];[2,1,0][5,4,3][6,3,4][3,6,7]
148;[0.5,1.0,1.0][1.0,0.5,1.0][0.5,0.0,1.0][1.0,1.0,0.5][0.5,1.0,0.0][0.0,1.0,0.5][0.0,0.5,0.0][0.0,0.5,1.0][0.0,0.0,0.5];[2,1,0][3,0,1][0,3,4][0,4,5][6,5,4][5,6,7][8,7,6][7,8,2][7,2,0]
149;[0.0,1.0,0.5][0.0,0.5,1.0][0.5,1.0,1.0][0.5,0.0,1.0][1.0,1.0,0.5][1.0,0.5,1.0][0.5,1.0,0.0][0.5,0.0,0.0];[2,1,0][5,4,3][6,3,4][3,6,7]
150;[1.0,1.0,0.5][1.0,0.5,0.0][0.5,1.0,0.0][0.5,1.0,1.0][0.0,1.0,0.5][0.0,0.5,1.0][0.0,0.0,0.5][0.0,0.5,0.0][0.5,0.0,0.0][1.0,0.0,0.5][1.0,0.5,1.0][0.5,0.0,1.0];[2,1,0][5,4,3][8,7,6][11,10,9]
151;[0.5,1.0,1.0][0.0,1.0,0.5][0.0,0.5,1.0][0.5,1.0,0.0][1.0,1.0,0.5][1.0,0.5,0.0][0.5,0.0,1.0][1.0,0.0,0.5][1.0,0.5,1.0];[2,1,0][5,4,3][8,7,6]
152;[1.0,0.5,1.0][0.5,0.0,1.0][1.0,0.5,0.0][0.0,0.0,0.5][0.5,1.0,0.0][0.0,0.5,1.0][0.5,1.0,1.0];[2,1,0][1,2,3][4,3,2][3,4,5][6,5,4]
153;[1.0,0.5,1.0][0.5,0.0,1.0][1.0,0.5,0.0][0.5,0.0,0.0][0.5,1.0,0.0][0.0,0.5,1.0][0.5,1.0,1.0][0.0,0.5,0.0];[2,1,0][1,2,3][6,5,4][7,4,5]
154;[0.5,0.0,1.0][1.0,0.0,0.5][1.0,0.5,1.0][0.0,0.0,0.5][0.0,0.5,1.0][0.5,0.0,0.0][0.5,1.0,1.0][0.5,1.0,0.0];[2,1,0][5,4,3][4,5,6][7,6,5]
155;[0.0,0.5,1.0][0.5,0.5,0.5][0.0,0.5,0.0][0.5,0.0,1.0][1.0,0.0,0.5][0.5,1.0,0.0][1.0,0.5,1.0][0.5,1.0,1.0];[2,1,0][2,3,1][3,2,4][5,4,2][4,5,6][1,6,5][5,7,1][1,7,0][3,6,1]
156;[0.5,1.0,1.0][0.0,1.0,0.5][0.0,0.5,1.0][0.0,0.5,0.0][0.5,0.0,1.0][0.0,0.0,0.5][1.0,0.5,1.0][1.0,0.5,0.0];[2,1,0][5,4,3][6,3,4][3,6,7]
157;[1.0,0.5,1.0][0.5,0.5,0.5][1.0,0.5,0.0][0.5,1.0,1.0][0.0,1.0,0.5][0.5,0.0,0.0][0.0,0.5,1.0][0.5,0.0,1.0];[2,1,0][2,3,1][3,2,4][5,4,2][4,5,6][1,6,5][5,7,1][1,7,0][3,6,1]
158;[1.0,0.0,0.5][1.0,0.5,1.0][0.5,0.0,1.0][0.0,1.0,0.5][0.0,0.5,1.0][0.5,1.0,1.0][0.0,0.0,0.5][0.0,0.5,0.0][0.5,0.0,0.0];[2,1,0][5,4,3][8,7,6]
159;[0.5,1.0,1.0][0.0,1.0,0.5][0.0,0.5,1.0][1.0,0.0,0.5][1.0,0.5,1.0][0.5,0.0,1.0];[2,1,0][5,4,3]
160;[0.5,1.0,1.0][1.0,0.0,0.5][0.5,0.0,1.0][1.0,1.0,0.5];[2,1,0][0,1,3]
161;[1.0,0.0,0.5][0.5,0.0,0.0][1.0,1.0,0.5][0.0,0.5,0.0][0.5,1.0,1.0][0.0,0.0,0.5][0.5,0.0,1.0];[2,1,0][1,2,3][4,3,2][3,4,5][6,5,4]
162;[1.0,0.5,0.0][0.5,1.0,1.0][1.0,1.0,0.5][0.5,0.0,0.0][0.5,0.0,1.0];[2,1,0][1,3,0][1,4,3]
163;[0.0,0.0,0.5][1.0,0.5,0.0][0.0,0.5,0.0][0.5,1.0,1.0][0.5,0.0,1.0][1.0,1.0,0.5];[2,1,0][1,3,0][3,4,0][3,1,5]
164;[1.0,0.0,0.5][0.5,1.0,0.0][1.0,1.0,0.5][0.0,0.5,0.0][0.5,0.0,1.0][0.0,1.0,0.5][0.5,1.0,1.0];[2,1,0][3,0,1][0,3,4][5,4,3][4,5,6]
165;[0.5,1.0,1.0][0.0,0.0,0.5][0.5,0.0,1.0][0.0,1.0,0.5][1.0,0.0,0.5][0.5,0.0,0.0][1.0,1.0,0.5][0.5,1.0,0.0];[2,1,0][3,0,1][6,5,4][5,6,7]
166;[0.5,1.0,0.0][1.0,1.0,0.5][1.0,0.5,0.0][0.0,1.0,0.5][0.0,0.5,0.0][0.5,1.0,1.0][0.5,0.0,0.0][0.5,0.0,1.0];[2,1,0][5,4,3][4,5,6][7,6,5]
167;[0.0,0.0,0.5][0.5,0.5,0.5][0.0,1.0,0.5][0.5,1.0,0.0][1.0,0.5,0.0][0.5,0.0,1.0][1.0,1.0,0.5][0.5,1.0,1.0];[2,1,0][1,3,0][4,0,3][0,4,5][6,5,4][5,6,1][1,7,5][2,7,1][1,6,3]
168;[1.0,0.0,0.5][0.5,1.0,0.0][1.0,0.5,0.0][0.5,0.0,1.0][0.5,1.0,1.0];[2,1,0][1,3,0][1,4,3]
169;[0.5,0.0,0.0][1.0,0.5,0.0][1.0,0.0,0.5][0.0,0.5,0.0][0.0,0.0,0.5][0.5,1.0,0.0][0.5,0.0,1.0][0.5,1.0,1.0];[2,1,0][5,4,3][4,5,6][7,6,5]
170;[0.5,0.0,1.0][0.5,1.0,1.0][0.5,0.0,0.0][0.5,1.0,0.0];[2,1,0][2,3,1]
171;[0.0,0.5,0.0][0.0,0.0,0.5][0.5,0.0,1.0][0.5,1.0,0.0][0.5,1.0,1.0];[2,1,0][3,2,0][4,2,3]
172;[0.0,1.0,0.5][0.5,0.0,1.0][0.5,1.0,1.0][1.0,0.5,0.0][0.0,0.5,0.0][1.0,0.0,0.5];[2,1,0][1,3,0][3,4,0][1,5,3]
173;[0.0,0.0,0.5][0.5,0.5,0.5][0.0,1.0,0.5][0.5,0.0,0.0][1.0,0.5,0.0][0.5,1.0,1.0][1.0,0.0,0.5][0.5,0.0,1.0];[2,1,0][2,3,1][3,2,4][5,4,2][4,5,6][1,6,5][5,7,1][1,7,0][3,6,1]
174;[0.0,1.0,0.5][0.0,0.5,0.0][0.5,0.0,0.0][0.5,1.0,1.0][0.5,0.0,1.0];[2,1,0][3,2,0][4,2,3]
175;[0.5,0.0,1.0][0.5,1.0,1.0][0.0,1.0,0.5][0.0,0.0,0.5];[2,1,0][2,0,3]
176;[0.5,1.0,1.0][0.0,0.0,0.5][0.0,0.5,1.0][1.0,1.0,0.5][1.0,0.0,0.5];[2,1,0][1,3,0][1,4,3]
177;[0.5,0.0,0.0][0.0,0.5,0.0][0.0,0.5,1.0][1.0,1.0,0.5][1.0,0.0,0.5][0.5,1.0,1.0];[2,1,0][3,2,0][4,3,0][5,2,3]
178;[0.5,1.0,1.0][1.0,1.0,0.5][1.0,0.5,0.0][0.0,0.5,1.0][0.5,0.0,0.0][0.0,0.0,0.5];[2,1,0][2,0,3][4,2,3][5,4,3]
179;[0.5,1.0,1.0][1.0,1.0,0.5][1.0,0.5,0.0][0.0,0.5,1.0][0.0,0.5,0.0];[2,1,0][3,2,0][4,2,3]
180;[0.0,1.0,0.5][0.0,0.5,1.0][0.5,1.0,1.0][0.0,0.5,0.0][0.5,1.0,0.0][0.0,0.0,0.5][1.0,1.0,0.5][1.0,0.0,0.5];[2,1,0][5,4,3][4,5,6][7,6,5]
181;[1.0,0.0,0.5][0.5,0.5,0.5][1.0,1.0,0.5][0.5,1.0,1.0][0.0,0.5,1.0][0.5,0.0,0.0][0.0,1.0,0.5][0.5,1.0,0.0];[2,1,0][1,3,0][4,0,3][0,4,5][6,5,4][5,6,1][1,7,5][2,7,1][1,6,3]
182;[1.0,1.0,0.5][1.0,0.5,0.0][0.5,1.0,0.0][0.0,0.0,0.5][0.0,0.5,0.0][0.5,0.0,0.0][0.0,1.0,0.5][0.0,0.5,1.0][0.5,1.0,1.0];[2,1,0][5,4,3][8,7,6]
183;[0.0,1.0,0.5][0.0,0.5,1.0][0.5,1.0,1.0][1.0,0.5,0.0][0.5,1.0,0.0][1.0,1.0,0.5];[2,1,0][5,4,3]
184;[0.0,0.5,1.0][0.5,1.0,1.0][0.5,1.0,0.0][1.0,0.0,0.5][0.0,0.0,0.5][1.0,0.5,0.0];[2,1,0][3,2,0][4,3,0][2,3,5]
185;[0.0,0.5,1.0][0.5,0.5,0.5][0.0,0.5,0.0][0.5,0.0,0.0][1.0,0.0,0.5][0.5,1.0,1.0][1.0,0.5,0.0][0.5,1.0,0.0];[2,1,0][1,3,0][4,0,3][0,4,5][6,5,4][5,6,1][1,7,5][2,7,1][1,6,3]
186;[0.0,0.0,0.5][0.0,0.5,1.0][0.5,1.0,1.0][0.5,0.0,0.0][0.5,1.0,0.0];[2,1,0][3,2,0][4,2,3]
187;[0.0,0.5,0.0][0.0,0.5,1.0][0.5,1.0,1.0][0.5,1.0,0.0];[2,1,0][2,0,3]
188;[0.0,0.0,0.5][0.5,0.5,0.5][1.0,0.0,0.5][0.0,0.5,1.0][0.5,1.0,1.0][1.0,0.5,0.0][0.0,1.0,0.5][0.0,0.5,0.0];[2,1,0][2,3,1][3,2,4][5,4,2][4,5,6][1,6,5][5,7,1][1,7,0][3,6,1]
189;[0.5,1.0,1.0][0.0,1.0,0.5][0.0,0.5,1.0][1.0,0.5,0.0][1.0,0.0,0.5][0.5,0.0,0.0];[2,1,0][5,4,3]
190;[0.0,0.5,0.0][0.5,0.0,0.0][0.0,0.0,0.5][0.5,1.0,1.0][0.0,1.0,0.5][0.0,0.5,1.0];[2,1,0][5,4,3]
191;[0.0,0.5,1.0][0.5,1.0,1.0][0.0,1.0,0.5];[2,1,0]
192;[0.0,0.5,1.0][1.0,1.0,0.5][1.0,0.5,1.0][0.0,1.0,0.5];[2,1,0][0,1,3]
193;[1.0,1.0,0.5][0.0,0.5,0.0][0.0,1.0,0.5][0.5,0.0,0.0][1.0,0.5,1.0][0.0,0.0,0.5][0.0,0.5,1.0];[2,1,0][3,0,1][0,3,4][5,4,3][4,5,6]
194;[1.0,1.0,0.5][1.0,0.5,0.0][0.0,1.0,0.5][0.5,0.0,0.0][0.0,0.5,1.0][1.0,0.0,0.5][1.0,0.5,1.0];[2,1,0][1,2,3][4,3,2][3,4,5][6,5,4]
195;[0.0,0.5,0.0][0.0,1.0,0.5][1.0,0.5,0.0][1.0,1.0,0.5][1.0,0.0,0.5][0.0,0.5,1.0][0.0,0.0,0.5][1.0,0.5,1.0];[2,1,0][1,2,3][6,5,4][7,4,5]
196;[1.0,1.0,0.5][0.0,0.5,0.0][0.5,1.0,0.0][1.0,0.5,1.0][0.0,0.5,1.0];[2,1,0][1,3,0][1,4,3]
197;[0.0,0.0,0.5][0.5,0.0,0.0][0.5,1.0,0.0][1.0,0.5,1.0][0.0,0.5,1.0][1.0,1.0,0.5];[2,1,0][3,2,0][4,3,0][5,2,3]
198;[0.5,1.0,0.0][1.0,1.0,0.5][1.0,0.5,0.0][1.0,0.5,1.0][0.5,0.0,0.0][1.0,0.0,0.5][0.0,0.5,0.0][0.0,0.5,1.0];[2,1,0][5,4,3][6,3,4][3,6,7]
199;[0.0,0.5,1.0][0.5,0.5,0.5][1.0,0.5,1.0][1.0,1.0,0.5][0.5,1.0,0.0][0.0,0.0,0.5][1.0,0.5,0.0][1.0,0.0,0.5];[2,1,0][1,3,0][4,0,3][0,4,5][6,5,4][5,6,1][1,7,5][2,7,1][1,6,3]
200;[0.5,1.0,0.0][0.0,0.5,1.0][0.0,1.0,0.5][1.0,0.5,0.0][1.0,0.5,1.0];[2,1,0][1,3,0][1,4,3]
201;[0.0,0.5,0.0][0.0,1.0,0.5][0.5,1.0,0.0][0.0,0.0,0.5][0.5,0.0,0.0][0.0,0.5,1.0][1.0,0.5,0.0][1.0,0.5,1.0];[2,1,0][5,4,3][4,5,6][7,6,5]
202;[0.0,1.0,0.5][1.0,0.5,1.0][0.0,0.5,1.0][0.5,0.0,0.0][0.5,1.0,0.0][1.0,0.0,0.5];[2,1,0][1,3,0][3,4,0][3,1,5]
203;[0.0,0.5,1.0][0.5,0.5,0.5][1.0,0.5,1.0][0.0,1.0,0.5][0.5,1.0,0.0][1.0,0.0,0.5][0.0,0.5,0.0][0.0,0.0,0.5];[2,1,0][2,3,1][3,2,4][5,4,2][4,5,6][1,6,5][5,7,1][1,7,0][3,6,1]
204;[0.0,0.5,1.0][0.0,0.5,0.0][1.0,0.5,1.0][1.0,0.5,0.0];[2,1,0][2,3,1]
205;[0.0,0.0,0.5][0.5,0.0,0.0][1.0,0.5,0.0][0.0,0.5,1.0][1.0,0.5,1.0];[2,1,0][3,2,0][4,2,3]
206;[0.5,0.0,0.0][1.0,0.0,0.5][1.0,0.5,1.0][0.0,0.5,0.0][0.0,0.5,1.0];[2,1,0][3,2,0][4,2,3]
207;[0.0,0.0,0.5][1.0,0.0,0.5][1.0,0.5,1.0][0.0,0.5,1.0];[2,1,0][2,0,3]
208;[0.5,0.0,1.0][1.0,1.0,0.5][1.0,0.5,1.0][0.0,0.0,0.5][0.0,1.0,0.5];[2,1,0][1,3,0][1,4,3]
209;[1.0,0.5,1.0][0.5,0.0,1.0][0.5,0.0,0.0][0.0,1.0,0.5][1.0,1.0,0.5][0.0,0.5,0.0];[2,1,0][3,2,0][4,3,0][2,3,5]
210;[1.0,0.0,0.5][1.0,0.5,1.0][0.5,0.0,1.0][1.0,0.5,0.0][0.5,0.0,0.0][1.0,1.0,0.5][0.0,0.0,0.5][0.0,1.0,0.5];[2,1,0][5,4,3][4,5,6][7,6,5]
211;[0.0,0.5,0.0][0.5,0.5,0.5][1.0,0.5,0.0][1.0,0.0,0.5][0.5,0.0,1.0][0.0,1.0,0.5][1.0,0.5,1.0][1.0,1.0,0.5];[2,1,0][1,3,0][4,0,3][0,4,5][6,5,4][5,6,1][1,7,5][2,7,1][1,6,3]
212;[0.0,0.5,0.0][0.5,1.0,0.0][1.0,1.0,0.5][0.0,0.0,0.5][1.0,0.5,1.0][0.5,0.0,1.0];[2,1,0][2,0,3][4,2,3][5,4,3]
213;[1.0,1.0,0.5][1.0,0.5,1.0][0.5,0.0,1.0][0.5,1.0,0.0][0.5,0.0,0.0];[2,1,0][3,2,0][4,2,3]
214;[0.5,0.0,0.0][0.0,0.0,0.5][0.0,0.5,0.0][0.5,0.0,1.0][1.0,0.0,0.5][1.0,0.5,1.0][0.5,1.0,0.0][1.0,1.0,0.5][1.0,0.5,0.0];[2,1,0][5,4,3][8,7,6]
215;[1.0,0.5,1.0][0.5,0.0,1.0][1.0,0.0,0.5][0.5,1.0,0.0][1.0,1.0,0.5][1.0,0.5,0.0];[2,1,0][5,4,3]
216;[0.5,0.0,1.0][1.0,0.5,0.0][1.0,0.5,1.0][0.0,1.0,0.5][0.0,0.0,0.5][0.5,1.0,0.0];[2,1,0][1,3,0][3,4,0][1,5,3]
217;[1.0,0.5,1.0][0.5,0.5,0.5][1.0,0.5,0.0][0.5,1.0,0.0][0.0,1.0,0.5][0.5,0.0,1.0][0.0,0.5,0.0][0.5,0.0,0.0];[2,1,0][1,3,0][4,0,3][0,4,5][6,5,4][5,6,1][1,7,5][2,7,1][1,6,3]
218;[0.0,1.0,0.5][0.5,0.5,0.5][0.0,0.0,0.5][0.5,0.0,1.0][1.0,0.5,1.0][0.5,1.0,0.0][1.0,0.0,0.5][0.5,0.0,0.0];[2,1,0][1,3,0][4,0,3][0,4,5][6,5,4][5,6,1][1,7,5][2,7,1][1,6,3]
219;[1.0,0.0,0.5][1.0,0.5,1.0][0.5,0.0,1.0][0.5,1.0,0.0][0.0,0.5,0.0][0.0,1.0,0.5];[2,1,0][5,4,3]
220;[0.5,0.0,1.0][0.0,0.0,0.5][0.0,0.5,0.0][1.0,0.5,1.0][1.0,0.5,0.0];[2,1,0][3,2,0][4,2,3]
221;[0.5,0.0,1.0][0.5,0.0,0.0][1.0,0.5,0.0][1.0,0.5,1.0];[2,1,0][2,0,3]
222;[1.0,0.0,0.5][1.0,0.5,1.0][0.5,0.0,1.0][0.0,0.5,0.0][0.5,0.0,0.0][0.0,0.0,0.5];[2,1,0][5,4,3]
223;[0.5,0.0,1.0][1.0,0.0,0.5][1.0,0.5,1.0];[2,1,0]
224;[0.0,0.5,1.0][1.0,0.0,0.5][0.5,0.0,1.0][0.0,1.0,0.5][1.0,1.0,0.5];[2,1,0][1,3,0][1,4,3]
225;[0.5,0.0,1.0][0.0,0.5,1.0][0.0,0.0,0.5][0.0,1.0,0.5][0.5,0.0,0.0][0.0,0.5,0.0][1.0,0.0,0.5][1.0,1.0,0.5];[2,1,0][5,4,3][6,3,4][3,6,7]
226;[0.0,0.5,1.0][0.0,1.0,0.5][1.0,1.0,0.5][0.5,0.0,0.0][0.5,0.0,1.0][1.0,0.5,0.0];[2,1,0][3,2,0][4,3,0][5,2,3]
227;[0.0,0.5,0.0][0.5,0.5,0.5][1.0,0.5,0.0][0.0,0.0,0.5][0.5,0.0,1.0][1.0,1.0,0.5][0.0,0.5,1.0][0.0,1.0,0.5];[2,1,0][2,3,1][3,2,4][5,4,2][4,5,6][1,6,5][5,7,1][1,7,0][3,6,1]
228;[0.5,0.0,1.0][1.0,1.0,0.5][1.0,0.0,0.5][0.0,0.5,0.0][0.0,0.5,1.0][0.5,1.0,0.0];[2,1,0][1,3,0][3,4,0][3,1,5]
229;[1.0,0.0,0.5][0.5,0.5,0.5][1.0,1.0,0.5][0.5,0.0,1.0][0.0,0.5,1.0][0.5,1.0,0.0][0.0,0.0,0.5][0.5,0.0,0.0];[2,1,0][2,3,1][3,2,4][5,4,2][4,5,6][1,6,5][5,7,1][1,7,0][3,6,1]
230;[0.0,0.5,0.0][0.5,0.5,0.5][0.0,0.5,1.0][0.5,1.0,0.0][1.0,1.0,0.5][0.5,0.0,1.0][1.0,0.5,0.0][0.5,0.0,0.0];[2,1,0][2,3,1][3,2,4][5,4,2][4,5,6][1,6,5][5,7,1][1,7,0][3,6,1]
231;[0.5,0.0,1.0][0.0,0.5,1.0][0.0,0.0,0.5][1.0,1.0,0.5][1.0,0.5,0.0][0.5,1.0,0.0];[2,1,0][5,4,3]
232;[1.0,0.0,0.5][0.5,1.0,0.0][1.0,0.5,0.0][0.5,0.0,1.0][0.0,1.0,0.5][0.0,0.5,1.0];[2,1,0][0,1,3][1,4,3][4,5,3]
233;[1.0,0.5,0.0][1.0,0.0,0.5][0.5,0.0,0.0][0.0,0.5,1.0][0.0,0.0,0.5][0.5,0.0,1.0][0.0,0.5,0.0][0.0,1.0,0.5][0.5,1.0,0.0];[2,1,0][5,4,3][8,7,6]
234;[0.0,0.5,1.0][0.0,1.0,0.5][0.5,1.0,0.0][0.5,0.0,1.0][0.5,0.0,0.0];[2,1,0][3,2,0][4,2,3]
235;[0.0,0.0,0.5][0.5,0.0,1.0][0.0,0.5,1.0][0.5,1.0,0.0][0.0,0.5,0.0][0.0,1.0,0.5];[2,1,0][5,4,3]
236;[1.0,0.0,0.5][0.5,0.0,1.0][0.0,0.5,1.0][1.0,0.5,0.0][0.0,0.5,0.0];[2,1,0][3,2,0][4,2,3]
237;[0.5,0.0,1.0][0.0,0.5,1.0][0.0,0.0,0.5][1.0,0.5,0.0][1.0,0.0,0.5][0.5,0.0,0.0];[2,1,0][5,4,3]
238;[0.0,0.5,1.0][0.0,0.5,0.0][0.5,0.0,0.0][0.5,0.0,1.0];[2,1,0][2,0,3]
239;[0.0,0.0,0.5][0.5,0.0,1.0][0.0,0.5,1.0];[2,1,0]
240;[0.0,0.0,0.5][0.0,1.0,0.5][1.0,0.0,0.5][1.0,1.0,0.5];[2,1,0][3,1,2]
241;[0.5,0.0,0.0][0.0,0.5,0.0][0.0,1.0,0.5][1.0,0.0,0.5][1.0,1.0,0.5];[2,1,0][3,2,0][4,2,3]
242;[1.0,0.5,0.0][0.5,0.0,0.0][0.0,0.0,0.5][1.0,1.0,0.5][0.0,1.0,0.5];[2,1,0][3,2,0][4,2,3]
243;[1.0,0.5,0.0][0.0,0.5,0.0][0.0,1.0,0.5][1.0,1.0,0.5];[2,1,0][2,0,3]
244;[0.0,0.5,0.0][0.5,1.0,0.0][1.0,1.0,0.5][0.0,0.0,0.5][1.0,0.0,0.5];[2,1,0][3,2,0][4,2,3]
245;[1.0,1.0,0.5][1.0,0.0,0.5][0.5,0.0,0.0][0.5,1.0,0.0];[2,1,0][2,0,3]
246;[0.5,0.0,0.0][0.0,0.0,0.5][0.0,0.5,0.0][1.0,1.0,0.5][1.0,0.5,0.0][0.5,1.0,0.0];[2,1,0][5,4,3]
247;[1.0,0.5,0.0][0.5,1.0,0.0][1.0,1.0,0.5];[2,1,0]
248;[0.5,1.0,0.0][1.0,0.5,0.0][1.0,0.0,0.5][0.0,1.0,0.5][0.0,0.0,0.5];[2,1,0][3,2,0][4,2,3]
249;[1.0,0.5,0.0][1.0,0.0,0.5][0.5,0.0,0.0][0.0,1.0,0.5][0.5,1.0,0.0][0.0,0.5,0.0];[2,1,0][5,4,3]
250;[0.0,0.0,0.5][0.0,1.0,0.5][0.5,1.0,0.0][0.5,0.0,0.0];[2,1,0][2,0,3]
251;[0.0,0.5,0.0][0.0,1.0,0.5][0.5,1.0,0.0];[2,1,0]
252;[1.0,0.0,0.5][0.0,0.0,0.5][0.0,0.5,0.0][1.0,0.5,0.0];[2,1,0][2,0,3]
253;[1.0,0.0,0.5][0.5,0.0,0.0][1.0,0.5,0.0];[2,1,0]
254;[0.0,0.0,0.5][0.0,0.5,0.0][0.5,0.0,0.0];[2,1,0]
255;;
